Mineralwaesser;Natrium;Kalium;Magnesium;Calcium;Mangan;Chlorid;Sulfat;Hydrogencarbonat;Nitrat;Nitrit;Fluorid;Gesamt-Mineralieninmg/Liter;Mineralisation
Abenstaler;3.00;0.80;27.00;61.00;0.05;3.60;10.90;307.00;1.60;0.005;0.21;415.16;extremgering
Adelholzener;10.00;1.10;31.00;69.80;0.0;22.50;23.10;330.00;0.11;0.0;0.22;487.83;extremgering
Adldorfer;3.80;1.00;29.00;87.00;0.0;5.50;23.00;383.00;0.10;0.0;0.20;532.60;gering
Adellospritzig/still;0.97;0.42;6.97;46.30;0.0;0.35;125.00;22.90;0.0;0.0;0.04;202.95;extremgering
Alaska;4.20;1.50;2.20;12.70;0.05;4.80;3.00;46.60;0.50;0.0;0.2;75.00;extremgering
AlbertusQuelle;8.30;1.40;30.00;57.00;0.0;0.0;8.30;339.00;0.0;0.0;0.10;444.10;extremgering
Allgaeuer;18.00;1.10;22.00;40.00;0.0;0.80;7.90;271.00;0.30;0.0;0.10;361.20;extremgering
Altmuehltaler;45.60;28.80;11.20;47.50;0.16;0.80;64.00;283.00;0.0;0.0;0.50;481.56;extremgering
Ambassador;7.50;1.50;2.80;24.70;0.0;14.80;74.30;391.00;0.0;0.0;0.0;516.60;gering
AnhaltinerBergquell;83.40;6.50;82.70;190.50;0.0;112.00;495.00;379.00;1.00;0.0;0.0;1349.10;mittel
Apollinaris;470.00;30.00;120.00;90.00;0.0;130.00;100.00;1800.00;0.00;0.0;0.0;2740.00;sehrstark
AquaFrisch;9.99;2.33;32.70;124.00;0.0;19.50;208.00;295.00;0.0;0.0;0.0;691.52;gering
AquaRoemer;18.20;3.66;48.60;561.00;0.01;6.80;1410.00;183.00;0.20;0.0;0.23;2231.69;stark
Astoria;3.50;2.10;40.10;219.10;0.0;4.60;499.20;244.60;2.80;0.0;0.50;1016.00;mittel
BadBrambacher;14.60;1.30;7.00;22.60;0.01;4.50;11.10;112.00;0.50;0.005;0.34;173.44;extremgering
BadBrueckeuer;2.40;2.70;3.90;14.30;0.008;4.20;4.60;60.00;0.0;0.0;0.07;92.18;extremgering
BadDuerrheimer;7.30;2.30;49.50;363.00;0.0;15.70;788.00;368.00;0.50;0.0;0.53;1594.83;mittel
BadKissinger;64.00;14.90;18.30;33.00;0.0;2.20;16.80;369.00;0.0;0.0;0.0;518.20;gering
BadLiebenwerda;7.20;1.70;3.00;16.10;0.02;5.00;63.00;3.0;0.50;0.0;0.2;96.02;extremgering
BadVilbelElisabeth;6.30;5.40;20.20;110.00;0.0;6.30;43.00;397.00;0.0;0.0;0.0;588.20;gering
BadVilbelUrquelle;89.90;12.00;24.00;157.00;0.0;87.90;38.00;657.00;0.0;0.0;0.0;1065.80;mittel
BasinusKoenigsquelle;324.00;19.70;100.00;593.00;0.05;460.00;1570.00;389.00;5.00;0.02;0.33;3461.10;extremstark
BasinusSinusquelle;11.10;2.80;10.10;70.00;0.05;10.40;16.00;260.00;0.60;0.02;0.4;381.40;extremgering
BergQuelle;3.40;1.30;11.50;18.10;0.02;5.50;8.00;99.00;2.00;0.005;0.18;149.00;extremgering
BissingerAuerquelle;64.00;14.90;18.30;33.00;0.014;2.20;16.80;363.00;0.0;0.0;0.0;512.21;gering
BlankenburgerWiesenquelle;7.60;0.0;23.50;142.00;0.0;0.0;161.00;321.00;0.0;0.0;0.27;655.37;gering
Boqua;180.00;0.0;28.00;68.00;0.0;0.0;259.00;381.00;0.0;0.0;0.0;916.00;gering
Breisgauer;40.90;4.10;39.60;493.00;0.0;51.50;1060.00;380.00;0.50;0.0;0.0;2069.60;stark
Brohler;360.00;20.00;80.00;80.00;0.0;190.00;90.00;1140.00;0.0;0.0;0.0;1960.00;mittel
Brunnthaler;7.70;2.60;28.00;61.00;0.0;2.00;13.40;0.0;0.0;0.0;0.25;114.95;extremgering
Cascadaspritzig;166.00;14.00;85.40;609.00;0.03;249.00;1501.00;381.90;0.50;0.02;0.24;3007.09;extremstark
Cascadastill;109.00;11.40;79.50;554.00;0.05;140.00;1409.00;367.00;2.00;0.02;0.29;2672.26;sehrstark
Celtic;1.10;1.90;4.00;10.50;0.0;5.00;6.00;48.00;2.10;0.0;0.10;73.60;extremgering
DaunertuerlichesMW;818.00;32.70;192.00;142.00;0.25;59.70;44.20;3478.00;0.55;0.0;0.21;4767.61;extremstark
Dachsbergquelle;7.00;4.10;3.80;20.00;0.0;2.20;15.00;85.00;4.10;0.0;0.46;141.66;extremgering
DiamantQuelle;7.90;2.10;22.20;37.60;0.02;12.50;12.00;200.10;2.00;0.005;0.13;296.56;extremgering
Dietenbronner;6.80;1.18;28.90;50.10;0.04;0.90;8.10;304.00;0.10;0.005;0.21;400.23;extremgering
Eico;25.80;29.00;90.00;128.00;0.0;15.80;396.00;474.00;1.90;0.0;1.93;1162.43;mittel
ElisabethenQuelle;6.30;5.40;20.20;110.00;0.0;6.30;43.00;397.00;0.0;0.0;0.0;588.20;gering
Ensinger;28.80;6.90;124.00;528.00;0.041;28.90;1463.00;403.00;2.10;0.0;0.40;2585.14;stark
Evian;5.00;1.00;24.00;78.00;0.0;4.50;10.00;357.00;3.80;0.0;0.0;483.30;extremgering
Filippo;14.00;2.60;42.00;572.00;0.0;23.00;1273.00;359.00;4.90;0.01;0.80;2291.30;stark
FinkenbachQuelle;0.90;2.80;3.00;11.50;0.0;1.30;1.60;51.00;0.0;0.0;0.07;72.17;extremgering
FoerstiEichenzell;7.50;2.90;26.00;74.00;0.0;6.70;110.00;220.00;0.0;0.0;0.35;447.45;extremgering
Foerstispritzig/still;33.00;11.10;52.00;505.00;0.013;45.00;700.00;945.00;0.0;0.0;1.51;2292.62;stark
Fortu;30.00;11.70;48.00;380.00;0.01;41.00;502.00;787.00;2.60;0.0;1.10;1803.41;mittel
Frankenbrunnenspritzig/still;36.90;4.60;71.30;272.40;0.05;95.70;597.60;390.00;2.0;0.02;0.30;1470.87;mittel
Frankenbrunnensanft;11.50;2.90;50.30;132.20;0.05;17.90;94.20;544.00;5.00;0.02;0.30;858.37;gering
Freyersbacher;287.00;20.50;67.10;290.00;0.19;27.90;409.00;1432.00;0.50;0.005;2.32;2536.51;sehrstark
FuerstBismarck;10.00;1.10;3.90;60.00;0.0;14.30;16.00;183.00;0.40;0.005;0.15;288.85;extremgering
Gaensefurther;42.70;5.60;81.00;235.00;0.0;306.00;320.00;323.00;1.00;0.0;0.0;1313.30;mittel
Gerolsteiner;118.00;10.80;108.00;348.00;0.40;39.70;36.30;1817.00;5.10;0.0;0.21;2483.51;stark
Gerolsteinernaturell;11.50;3.00;49.00;140.00;0.0;8.90;2.00;652.00;7.90;0.0;0.18;874.48;gering
Goeppinger;410.00;26.30;60.80;293.00;0.02;61.30;69.50;2112.00;2.30;0.005;0.52;3035.74;extremstark
Hassia;228.00;26.70;36.10;186.00;0.0;121.00;42.00;1144.00;0.0;0.0;0.0;1783.80;mittel
HochwaldSprudel;14.20;1.80;24.90;44.40;0.0;19.30;19.00;240.00;0.0;0.0;0.0;363.60;extremgering
Hoellensprudelclassic;9.91;0.53;26.31;192.26;0.0;3.61;5.15;735.80;0.00;0.0;0.0;973.57;gering
Hoellensprudelmedium;10.50;1.30;30.70;208.00;0.0;3.30;11.00;806.90;0.0;0.0;0.0;1071.70;mittel
HunsrueckQuelle;49.70;4.20;24.00;43.10;0.0;40.60;33.00;276.00;0.0;0.0;0.0;470.60;extremgering
IleburgerSachsenquelle;12.30;2.50;11.60;76.90;0.05;15.00;20.00;273.00;0.50;0.02;0.40;412.27;extremgering
ImuerFuerstenquelle;25.00;9.50;64.00;480.00;0.0;55.00;688.00;844.00;0.90;0.01;0.40;2166.80;stark
JebenhauserSauerbrunnen;14.40;4.53;19.40;333.00;0.08;17.20;33.60;1074.00;9.80;0.005;0.26;1506.27;mittel
Jesuitenquelle;2.70;1.40;29.00;94.00;0.05;3.90;36.00;390.00;0.14;0.0;0.0;557.14;gering
Justus;29.50;0.00;42.00;354.00;0.0;29.70;465.00;752.00;0.0;0.0;0.0;1672.20;mittel
Klosterquelle;22.00;5.00;85.00;408.00;0.0;11.00;1053.00;353.00;0.0;0.0;0.0;1937.00;mittel
Kondrauer;99.50;17.50;22.83;104.40;0.12;40.50;41.60;610.20;0.0;0.0;1.22;937.87;gering
KoenigOttoSprudel;11.70;4.10;8.00;7.90;0.0;16.80;22.00;42.00;1.80;0.0;0.33;114.63;extremgering
Krumbacher;9.10;2.30;23.30;87.00;0.0;6.40;19.00;381.00;0.0;0.0;0.10;528.20;gering
LabertalerSebastian;179.00;8.50;4.30;8.20;0.0;102.00;0.0;348.00;0.30;0.0;3.40;653.70;gering
LabertalerStephanie;5.80;1.80;33.80;68.90;0.0;0.60;7.60;390.00;0.30;0.0;0.13;508.93;gering
LaurentiusSchwarzwaldquirli;68.00;7.16;5.87;27.10;0.01;5.90;57.90;210.00;0.80;0.005;2.23;384.98;extremgering
Leisslinger;7.80;3.00;24.10;94.00;0.003;7.30;26.00;391.00;1.00;0.005;0.58;554.79;gering
Lichteuer;13.40;1.80;12.30;68.70;0.01;23.00;89.90;153.00;0.50;0.005;0.20;362.31;extremgering
Lieler;13.00;2.00;9.50;125.00;0.0;21.00;37.00;372.00;1.00;0.0;0.0;580.50;gering
Margon;29.00;0.0;15.00;79.00;0.0;62.00;105.00;149.00;0.0;0.0;0.0;439.00;extremgering
MaerkischesKristall;36.00;2.70;12.60;120.00;0.0;0.0;0.0;365.00;0.0;0.0;0.0;536.30;gering
Markgraefler;313.00;4.20;38.00;454.00;0.0;44.80;936.00;392.00;1.00;0.0;0.0;2183.00;stark
MontanusTafelwasser;0.60;0.0;22.40;73.20;0.0;1.00;0.0;325.00;0.0;0.0;0.0;421.20;sehrgering
MonteAzzuro;10.60;1.50;3.10;96.50;0.0;18.00;19.80;274.00;0.0;0.0;0.0;423.50;extremgering
Mozartquelle;27.00;1.00;0.00;25.00;0.0;1.00;11.00;222.00;0.0;0.0;0.0;287.00;extremgering
Naturparkquelle;19.40;3.86;3.00;565.00;0.0;9.10;1451.00;175.00;0.0;0.0;0.24;2226.60;stark
Neumarkter;3.80;4.50;14.00;72.00;0.0;5.70;31.00;269.00;0.50;0.005;0.33;400.88;extremgering
Neuselters;114.00;8.70;33.60;117.00;0.0;117.00;12.00;630.00;1.00;0.0;0.50;1033.80;mittel
OdenwaldQuelle;130.00;0.0;20.00;140.00;0.0;260.00;60.00;470.00;0.0;0.0;0.0;1080.00;mittel
Oppacher;10.10;1.60;6.40;29.80;0.0;12.70;71.40;45.60;0.0;0.0;0.14;177.74;extremgering
Perling;852.00;13.00;57.00;113.00;0.0;575.00;468.00;1321.00;0.50;0.02;0.70;3400.22;extremstark
Peterstaler;140.00;10.00;20.00;110.00;0.0;20.00;110.00;610.00;0.0;0.0;0.0;1020.00;mittel
PfaelzerSilberbrunnen;146.00;3.80;10.10;41.00;0.0;135.00;11.00;326.00;0.0;0.0;0.0;672.90;gering
Puri;7.40;0.0;4.20;18.60;0.0;0.0;19.30;10.20;0.0;0.0;0.16;59.86;extremgering
PyraserWaldquelle;1.80;6.90;6.80;56.00;0.0;5.30;20.00;184.00;2.50;0.0;0.15;283.45;extremgering
Q4;178.00;12.20;9.10;83.80;0.0;241.60;46.60;317.00;0.0;0.0;0.0;888.30;gering
Randegger;9.10;1.60;30.00;87.00;0.0;6.10;35.00;378.00;0.50;0.0;0.10;546.90;gering
Rangau;377.00;23.00;104.00;617.00;0.0;578.00;1618.00;394.00;1.00;0.0;0.0;3711.00;extremstark
Redinger;385.00;13.20;4.57;25.09;0.0;259.70;2.20;664.20;0.80;0.0;3.90;1358.66;mittel
Rennsteig;12.40;3.90;26.50;73.20;0.0;15.30;141.00;186.00;0.0;0.0;0.0;458.30;extremgering
ResidenzQuelle;89.30;12.40;83.70;590.00;0.02;99.40;1488.00;392.70;0.5;0.02;0.29;2756.33;sehrstark
Rhenser;64.50;3.80;20.70;109.00;0.0;73.80;73.00;379.00;3.00;0.02;0.35;727.17;gering
RhoenSprudel;4.90;15.40;25.00;46.20;0.0;10.30;32.00;234.00;0.50;0.0;0.60;368.40;extremgering
Roemer;18.80;3.77;45.00;569.00;0.01;9.90;1430.00;187.00;0.10;0.005;0.22;2263.69;stark
Romi;7.50;12.00;37.00;137.00;0.0;3.30;137.00;350.00;0.0;0.0;0.60;684.40;gering
Rosbacher;85.00;4.00;92.80;209.00;0.0;141.00;12.00;1079.00;0.40;0.02;0.1;1623.20;mittel
RosbacherUr-Quelle;39.30;3.10;131.40;261.60;0.0;50.00;6.60;1477.00;0.30;0.02;0.1;1969.42;mittel
SanPellegrino;44.30;0.00;59.40;202.00;0.002;69.10;538.00;221.00;1.00;0.02;0.66;1135.48;mittel
Schillerbrunnen;35.20;12.90;40.90;153.00;0.04;51.60;208.00;425.00;0.80;0.005;0.20;927.44;gering
Selters;278.00;14.00;39.10;110.00;0.007;262.00;18.00;805.00;0.30;0.02;0.93;1527.04;mittel
Siebers-Quelle;5.40;1.20;19.30;77.40;0.59;2.55;18.20;317.00;0.0;0.0;0.13;441.77;extremgering
Siegsdorfer;9.20;1.00;24.30;92.00;0.0;16.00;9.90;380.50;6.00;0.0;0.20;539.10;gering
Silberbrunnen;88.00;4.20;43.00;223.00;0.0;3.10;485.00;308.00;0.0;0.0;0.90;1155.20;mittel
SolanderBlaubornQuelle;20;0.0;7.80;30.80;0.0;0.0;96.00;36.80;0.0;0.0;0.0;191.40;extremgering
Sodenthaler;173.00;8.80;59.30;215.00;0.0;649.00;33.00;232.00;1.30;0.0;0.25;1371.65;mittel
Spreequell;6.90;1.90;3.70;19.40;0.0;5.60;74.10;18.70;0.0;0.0;0.0;130.30;extremgering
Steiu;24.70;2.20;29.00;54.60;0.0;33.70;27.60;274.00;2.0;0.05;0.14;445.94;extremgering
Stauferquelle;947.00;97.00;119.00;549.00;0.0;670.00;2335.00;779.00;0.0;0.0;2.61;5498.61;extremstark
Steinsieker;19.40;2.00;40.00;600.00;0.0;80.00;1320.00;250.00;0.0;0.0;0.0;2311.40;stark
St.Leonhardsquelle;6.10;1.20;26.00;85.00;0.0;9.30;1.90;391.00;0.05;0.0;0.0;520.50;gering
StolzenbacherGebirgswasser;0.60;0.0;22.40;73.20;0.0;1.00;3.20;325.00;4.80;0.0;0.0;429.20;extremgering
Taufrisch;8.40;3.20;21.40;91.70;0.003;9.80;36.00;367.00;1.00;0.005;0.57;539.08;gering
Teicher;100.00;6.20;20.00;100.00;0.0;20.00;30.00;610.00;8.70;0.0;0.90;895.80;gering
Teusser;38.00;8.00;82.00;585.00;0.0;43.00;1450.00;350.00;2.00;0.0;0.0;2558.00;sehrstark
Toenissteiner;108.00;16.10;129.00;165.00;0.020;32.10;30.00;1350.00;1.50;0.005;0.28;1832.00;mittel
ThueringerWaldquelle;28.40;2.90;50.00;106.00;0.0;39.40;241.00;281.00;0.0;0.0;0.0;748.70;gering
Ueberkinger;1090.00;14.10;14.70;22.50;0.0;100.00;1110.00;1480.00;0.0;0.0;2.95;3834.25;extremstark
UttingerKeltenbrauerei;8.60;1.50;34.10;82.60;0.0;1.93;11.30;427.10;0.20;0.005;0.07;567.40;gering
Urbacher;9.60;4.20;79.00;475.00;0.0;15.00;1199.00;348.00;0.0;0.0;0.0;2129.80;stark
Valser;10.10;1.60;57.90;436.00;0.0;2.50;1002.00;387.00;0.64;0.0;0.0;1897.74;mittel
Vitaperle;35.40;0.0;38.20;153.00;0.0;0.0;215.00;428.00;0.0;0.0;0.0;869.60;gering
VitaperleQuellwasser;35.20;12.90;40.90;153.00;0.04;51.60;208.00;425.00;0.80;0.0;0.20;927.44;gering
Volvic;11.60;6.20;8.00;11.50;0.0;13.50;8.10;71.00;0.0;0.0;0.0;129.90;extremgering
Wiesenthaler;19.90;4.00;36.30;183.00;0.0;74.10;168.00;461.00;0.0;0.0;0.06;946.36;gering
WinfriedquelleWolftal;90.00;10.00;30.00;200.00;0.0;20.00;190.00;720.00;0.0;0.0;0.0;1260.00;mittel
WinfriedquelleSebastian;70.00;10.00;10.00;50.00;0.0;10.00;40.00;330.00;0.0;0.0;0.0;520.00;gering
Wildbadquelle;40.00;0.0;44.00;177.00;0.0;110.00;214.00;397.00;0.0;0.0;0.0;982.00;gering
Wittmannsthal;54.10;1.80;51.00;174.00;0.02;125.00;293.00;344.00;0.3;0.02;0.63;1043.87;mittel
Weissenburger;4.70;1.70;41.10;153.00;0.002;11.20;235.00;370.00;0.3;0.02;0.61;817.63;gering